5466595046
323228488
5494382427
2195744512
1870930745
2087945777
2785534522
778940908
1887542000
1531808352
210125174
2754409672
2258399071
1860153572
233321412
1989791741
1620051942
1522669151
2025951647
3767473447
149494110
2624056205
3867099295
210107172
2023252722
2764727171
2619146077
1624853404
1733781523
2175491410
3888403226
1921362582
237890518
1772723033
3936897903
3215500255
3227036815
2023992783
3940092483
207893347
1766979370
1588205625
3658701533
1976686862
270744551
1689168627
20840816
1925130101
2832123781
1345996167